question_code,正答率,選択率1,選択率2,選択率3,選択率4,選択率5,識別値,70%以上のフラグ
105A001,97.2,2.5,97.2,0.2,0.2,,,〇
105A002,99,0.2,0.3,0.5,99.0,,,〇
105A003,77.6,3.8,2.6,77.6,15.9,,,〇
105A004,95,4.5,95.0,0.0,0.5,,,〇
105A005,97.9,0.7,97.9,1.0,0.5,,,〇
105A006,96.5,1.5,96.5,1.5,0.5,,,〇
105A007,92.4,0.2,1.8,92.4,5.6,,,〇
105A008,97.2,1.3,97.2,1.0,0.5,,,〇
105A009,97.5,1.7,97.5,0.7,0.2,,,〇
105A010,98.8,0.5,0.5,0.2,98.8,,,〇
105A011,99.5,0.0,0.2,99.5,0.3,,,〇
105A012,99.2,0.0,0.8,99.2,0.0,,,〇
105A013,76.5,20.5,76.5,2.2,0.8,,,〇
105A014,99.5,0.2,0.2,99.5,0.2,,,〇
105A015,87.1,0.2,9.4,87.1,3.3,,,〇
105A016,95,1.7,2.5,0.8,95.0,,,〇
105A017,92.7,2.1,4.6,0.5,92.7,,,〇
105A018,96.9,1.0,1.5,0.7,96.9,,,〇
105A019,99,0.0,0.2,99.0,0.8,,,〇
105A020,NULL,5.6,2.1,79.7,12.6,,,〇
105A021,99.5,0.0,0.5,99.5,0.0,,,〇
105A022,97.9,1.0,0.3,0.8,97.9,,,〇
105A023,99,99.0,0.2,0.2,0.7,,,〇
105A024,93,4.0,1.3,93.0,1.7,,,〇
105A025,30,30.0,65.5,4.1,0.3,,,×
105A026,61.3,10.7,14.5,13.4,61.3,,,×
105A027,30.4,14.5,30.4,16.5,38.5,,,×
105A028,76.8,76.8,5.5,4.0,13.7,,,〇
105A029,92.6,2.5,1.0,4.0,92.6,,,〇
105A030,63.3,1.2,32.7,63.3,2.8,,,×
105A031,82.3,3.1,1.7,82.3,12.9,,,〇
105A032,93.4,93.4,0.5,3.5,2.6,,,〇
105A033,66.1,3.3,66.1,3.1,27.5,,,×
105A034,25.6,16.7,25.6,53.4,4.3,,,×
105A035,36.2,36.2,23.1,15.7,25.0,,,×
105A036,93.1,93.1,6.6,0.3,0.0,,,〇
105A037,77,1.0,0.0,77.0,22.0,,,〇
105A038,96.9,2.1,0.5,96.9,0.5,,,〇
105A039,95.5,2.6,0.3,1.5,95.5,,,〇
105A040,99.5,0.0,0.0,0.5,99.5,,,〇
105A041,94.2,94.2,2.3,2.0,1.5,,,〇
105A042,99.3,0.3,0.3,0.0,99.3,,,〇
105A043,76.5,4.0,0.2,76.5,19.4,,,〇
105A044,97.5,0.5,0.3,1.7,97.5,,,〇
105A045,72.9,6.6,1.2,19.3,72.9,,,〇
105A046,31,51.8,31.0,17.2,0.0,,,×
105A047,80.4,3.6,5.1,80.4,10.8,,,〇
105A048,95.4,95.4,0.2,0.5,4.0,,,〇
105A049,93.2,93.2,6.3,0.2,0.3,,,〇
105A050,90.4,1.5,90.4,6.1,2.0,,,〇
105A051,66.4,0.7,66.4,29.1,3.8,,,×
105A052,87.4,0.3,11.2,1.0,87.4,,,〇
105A053,56.2,1.7,5.2,36.9,56.2,,,×
105A054,50.2,50.2,6.0,40.0,3.8,,,×
105A055,90.1,2.0,0.0,7.9,90.1,,,〇
105A056,75.5,1.3,20.4,2.8,75.5,,,〇
105A057,72.1,3.6,7.8,16.5,72.1,,,〇
105A058,93.7,2.6,2.0,1.7,93.7,,,〇
105A059,88.3,88.3,4.5,6.1,1.2,,,〇
105A060,86,86.0,0.3,7.6,6.1,,,〇
105A061,60.3,6.3,2.1,31.2,60.3,,,×
105A062,72.9,72.9,11.7,7.1,8.3,,,〇
105A063,98.2,0.2,0.3,98.2,1.3,,,〇
105A064,85.8,85.8,4.0,4.8,5.5,,,〇
105A065,68.4,26.9,4.0,0.7,68.4,,,×
105A066,NULL,1.2,14.2,3.1,81.5,,,〇
105A067,95.4,2.1,2.0,95.4,0.5,,,〇
105A068,43.3,0.3,43.3,34.0,16.5,5.8,,×
105A069,46.7,12.4,46.7,30.6,8.1,2.2,,×
105A070,72.7,19.0,4.3,3.0,72.7,1.0,,〇
105A071,21.3,5.0,71.7,21.3,1.5,0.5,,×
105A072,27.2,27.2,1.5,1.2,68.9,1.3,,×
105A073,56.9,31.6,0.5,6.6,56.9,4.5,,×
105A074,61,61.0,6.9,8.4,14.0,9.6,,×
105A075,96,2.8,0.0,96.0,0.2,1.0,,〇
105A076,76.9,76.9,0.3,1.7,1.5,19.7,,〇
105A077,72.4,72.4,12.7,13.1,1.2,0.7,,〇
105A078,99.3,99.3,0.2,0.3,0.0,0.2,,〇
105A079,73.7,4.1,9.1,73.7,2.8,10.3,,〇
105A080,94.7,0.2,0.2,3.8,94.7,1.2,,〇
105A081,15.5,40.6,59.9,26.8,8.8,63.9,,×
105A082,99.3,0.3,0.3,0.2,99.5,99.7,,〇
105A083,55,11.3,15.1,21.3,59.1,93.2,,×
105A084,74.5,10.9,0.3,14.3,84.4,90.0,,〇
105A085,96.2,0.2,2.0,99.3,96.9,1.7,,〇
105A086,20.9,5.1,64.2,81.1,29.5,20.0,,×
105A087,74.5,3.6,20.7,2.6,85.1,87.9,,〇
105A088,11.1,70.7,5.3,18.8,22.8,82.3,,×
105A089,70.2,98.3,1.3,72.5,18.4,9.5,,〇
105A090,62,,,,,,,×
105A091,73,13.2,5.8,7.9,73.0,,,〇
105A092,77.2,10.3,3.2,6.3,3.0,77.2,,〇
105A093,72.7,1.2,19.3,6.1,72.7,0.7,,〇
105A094,80.3,80.3,10.2,3.5,0.7,5.3,,〇
105A095,97.2,0.5,0.0,2.0,97.2,0.3,,〇
105A096,44.8,5.6,75.6,31.4,19.6,67.7,,×
105A097,94.4,1.3,1.5,2.8,94.4,,,〇
105A098,73,4.5,0.5,73.0,22.0,,,〇
105A099,99.5,0.2,0.3,99.5,0.0,,,〇
105A100,71.6,5.6,1.0,17.2,71.6,4.5,,〇
105A101,91.9,0.0,2.0,91.9,6.1,,,〇
105A102,98,0.2,98.0,1.7,0.2,,,〇
105A103,80,14.5,80.0,5.1,0.3,,,〇
105A104,91.7,6.6,91.7,0.7,1.0,,,〇
105A105,83.6,89.9,4.9,1.9,5.2,98.1,,〇
105A106,71.4,1.2,4.6,22.8,71.4,,,〇
105A107,88.6,1.0,2.6,7.8,88.6,,,〇
105A108,97.4,0.5,0.3,1.8,97.4,,,〇
105A109,81.7,0.8,17.2,81.7,0.3,,,〇
105A110,87.6,4.5,7.9,87.6,0.0,,,〇
105A111,96.2,1.7,1.3,96.2,0.8,,,〇
105A112,71.7,18.7,0.5,9.1,71.7,,,〇
105A113,34.4,34.4,64.6,0.3,0.7,,,×
105A114,90.6,0.3,99.3,92.6,4.0,3.7,,〇
105A115,98.2,0.5,0.0,1.2,0.2,98.2,,〇
105A116,41.5,15.9,41.5,12.3,30.3,,,×
105A117,60.3,3.6,28.4,60.3,7.2,0.5,,×
105A118,80.6,0.0,80.6,1.7,17.7,,,〇
105A119,85,9.3,0.7,85.0,5.1,,,〇
105A120,99.3,0.2,0.0,0.5,99.3,,,〇
105P001,99,0.5,0.5,99.0,0.0,,,〇
105P002,81.3,7.3,81.3,10.7,0.7,,,〇
105P003,96.9,0.2,0.3,2.6,96.9,,,〇
105P004,98,1.3,98.0,0.3,0.3,,,〇
105P005,95.4,0.0,95.4,0.7,4.0,,,〇
105P006,83.6,13.7,83.6,2.6,0.0,,,〇
105P007,92.6,5.8,1.0,92.6,0.7,,,〇
105P008,99.8,0.0,0.2,0.0,99.8,,,〇
105P009,97.9,1.5,0.7,0.0,97.9,,,〇
105P010,91.9,2.3,91.9,3.0,2.8,,,〇
105P011,97.4,97.4,1.8,0.3,0.5,,,〇
105P012,99.7,0.2,0.0,0.2,99.7,,,〇
105P013,86.3,3.1,86.3,0.3,10.2,,,〇
105P014,79.3,17.2,2.6,79.3,0.8,,,〇
105P015,99,0.0,0.2,0.8,99.0,,,〇
105P016,98.2,0.2,0.0,1.7,98.2,,,〇
105P017,97.7,1.2,1.0,0.2,97.7,,,〇
105P018,97.4,2.0,0.0,97.4,0.7,,,〇
105P019,90.7,0.0,0.0,9.3,90.7,,,〇
105P020,99.5,0.2,0.2,99.5,0.2,,,〇
105P021,99,99.0,0.2,0.8,0.0,,,〇
105P022,96.5,96.5,1.0,2.5,0.0,,,〇
105P023,92.1,1.3,92.1,6.6,0.0,,,〇
105P024,85.5,3.6,1.7,9.3,85.5,,,〇
105P025,99.8,0.2,0.0,0.0,0.0,99.8,,〇
105P026,26,34.4,26.0,18.3,21.3,,,×
105P027,49.3,8.9,49.3,10.6,31.2,,,×
105P028,80,4.6,11.4,80.0,4.0,,,〇
105P029,55.7,9.6,7.1,55.7,27.6,,,×
105P030,72.7,5.3,15.0,6.9,72.7,,,〇
105P031,25.6,19.7,25.6,31.1,23.6,,,×
105P032,94.7,94.7,0.3,1.7,3.3,,,〇
105P033,11.3,5.0,3.8,11.3,80.0,,,×
105P034,18.8,8.1,22.5,18.8,50.6,,,×
105P035,99.7,99.7,0.2,0.2,0.0,,,〇
105P036,88.2,0.2,0.2,11.4,88.2,,,〇
105P037,88.9,0.2,88.9,2.1,8.8,,,〇
105P038,90.2,90.2,1.3,0.2,8.3,,,〇
105P039,95.5,0.5,95.5,3.6,0.3,,,〇
105P040,95.4,3.6,0.5,95.4,0.5,,,〇
105P041,66.3,26.4,6.0,66.3,1.3,,,×
105P042,88.6,5.5,88.6,0.8,5.1,,,〇
105P043,99.7,0.0,0.3,99.7,0.0,,,〇
105P044,59.5,59.5,18.8,4.6,17.0,,,×
105P045,91.2,2.0,0.2,91.2,6.6,,,〇
105P046,86.8,4.1,8.6,86.8,0.5,,,〇
105P047,89.3,1.0,5.5,89.3,4.3,,,〇
105P048,93.6,93.6,0.7,1.3,4.5,,,〇
105P049,44,44.0,0.3,32.4,23.3,,,×
105P050,74,4.5,9.4,74.0,12.1,,,〇
105P051,98.5,98.5,0.8,0.7,0.0,,,〇
105P052,70.9,6.1,17.9,70.9,5.1,,,〇
105P053,33.7,51.2,33.7,8.9,6.1,,,×
105P054,88.4,5.0,88.4,3.3,3.3,,,〇
105P055,92.4,92.4,0.3,0.0,7.3,,,〇
105P056,76.7,11.2,76.7,6.0,6.1,,,〇
105P057,90.7,6.8,2.3,90.7,0.2,,,〇
105P058,78.8,4.3,2.8,14.0,78.8,,,〇
105P059,77.2,77.2,16.0,5.0,1.8,,,〇
105P060,33.1,1.0,65.2,33.1,0.7,,,×
105P061,90.7,90.7,9.3,0.0,0.0,,,〇
105P062,96.9,0.5,2.6,0.0,96.9,,,〇
105P063,76.7,21.8,1.2,0.3,76.7,,,〇
105P064,95.9,95.9,2.5,1.0,0.7,,,〇
105P065,98.3,0.2,1.3,0.2,98.3,,,〇
105P066,97.7,1.5,0.0,0.8,97.7,,,〇
105P067,92.1,92.1,5.3,1.8,0.8,,,〇
105P068,71,0.3,2.2,1.2,25.4,71.0,,〇
105P069,97.2,2.3,0.3,0.2,0.0,97.2,,〇
105P070,75.4,2.3,16.0,2.1,75.4,4.1,,〇
105P071,46.1,12.1,46.1,9.9,8.6,23.3,,×
105P072,63.6,24.5,63.6,7.6,3.6,0.7,,×
105P073,39.2,56.2,0.2,1.8,39.2,2.6,,×
105P074,86.3,6.4,1.0,3.1,3.1,86.3,,〇
105P075,85.8,1.5,5.0,85.8,2.5,5.3,,〇
105P076,46.7,11.8,24.0,16.4,1.2,46.7,,×
105P077,60.6,25.5,6.5,2.3,5.1,60.6,,×
105P078,39.4,5.8,7.3,11.4,36.1,39.4,,×
105P079,76.5,0.0,0.5,1.2,21.8,76.5,,〇
105P080,92.7,5.0,0.2,92.7,0.8,1.3,,〇
105P081,54.9,75.3,22.8,21.6,13.1,67.1,,×
105P082,8.9,27.9,19.1,66.0,21.4,65.7,,×
105P083,86.4,92.2,2.6,94.2,0.8,10.1,,〇
105P084,44.8,7.1,22.2,64.0,29.4,77.3,,×
105P085,74.9,1.5,11.6,95.4,12.3,79.3,,〇
105P086,60.2,68.3,91.6,32.1,7.8,0.3,,×
105P087,63,6.8,90.2,23.3,67.9,11.7,,×
105P088,83.1,12.1,84.1,98.7,4.5,0.7,,〇
105P089,75.2,9.4,91.6,82.6,12.6,3.8,,〇
105P090,87.9,2.3,87.9,100.0,0.8,9.0,,〇
105P091,94.5,1.2,3.6,94.5,0.7,,,〇
105P092,35.9,13.1,14.2,35.9,36.8,,,×
105P093,98.8,0.8,0.2,0.2,98.8,,,〇
105P094,41.9,12.6,37.4,41.9,1.0,7.1,,×
105P095,NULL,0.2,0.8,1.5,28.1,69.4,,〇
105P096,82.5,82.5,4.5,4.1,2.3,6.6,,〇
105P097,79.2,1.7,79.2,18.0,1.2,,,〇
105P098,95.5,0.3,4.1,0.0,95.5,,,〇
105P099,99.7,0.2,0.0,0.2,99.7,,,〇
105P100,89.9,1.0,1.8,89.9,7.3,,,〇
105P101,97.5,1.5,0.5,0.5,97.5,,,〇
105P102,92.4,2.1,92.4,4.3,1.2,,,〇
105P103,63,24.0,6.6,7.4,91.9,70.1,,×
105P104,3.1,99.0,76.3,3.4,16.6,4.7,,×
105P105,96,1.0,0.0,2.7,0.3,96.0,,〇
105P106,44.5,,,,,,,×
105P107,98.5,0.3,0.2,1.0,98.5,,,〇
105P108,82.6,9.9,82.6,3.1,4.3,,,〇
105P109,96.4,96.4,0.0,3.3,0.3,,,〇
105P110,96.4,96.4,0.0,0.2,3.5,,,〇
105P111,97.9,0.0,0.5,97.9,1.7,,,〇
105P112,79.5,10.4,2.1,7.9,79.5,,,〇
105P113,97.9,0.3,97.9,0.2,1.7,,,〇
105P114,99.3,0.0,0.0,0.7,99.3,,,〇
105P115,43.7,43.7,5.1,19.2,11.1,20.9,,×
105P116,78.8,1.3,10.1,9.8,78.8,,,〇
105P117,98,0.3,0.0,0.0,1.7,98.0,,〇
105P118,85,8.8,85.0,2.0,4.3,,,〇
105P119,64,22.4,9.5,64.0,4.1,,,×
105P120,98.5,0.3,98.5,1.2,0.0,,,〇
106A001,75.9,1.6,6.1,75.9,16.5,,,〇
106A002,96.9,96.9,0.6,2,0.6,,,〇
106A003,94.2,0.9,0.7,4.1,94.2,,,〇
106A004,98.2,0.1,0.4,98.2,1.2,,,〇
106A005,96.6,1.3,96.6,2,0.1,,,〇
106A006,93.9,93.9,4.6,0.7,0.7,,,〇
106A007,97.6,97.6,0.3,1.7,0.4,,,〇
106A008,94.7,4.4,0.4,94.7,0.5,,,〇
106A009,81,0.4,0.2,18.5,81,,,〇
106A010,65.6,4.2,0.1,30.1,65.6,,,×
106A011,96.7,96.7,0.6,2.1,0.6,,,〇
106A012,88.5,1,88.5,10.1,0.4,,,〇
106A013,98.8,0.2,0.9,98.8,0.1,,,〇
106A014,97.8,0.6,97.8,0.2,1.4,,,〇
106A015,71.3,71.3,5.4,4,19.4,,,〇
106A016,96.6,1.3,0.5,96.6,1.6,,,〇
106A017,91.8,2.7,3.3,2.2,91.8,,,〇
106A018,97.6,0.2,1.3,97.6,0.9,,,〇
106A019,98.9,0.5,98.9,0.6,0,,,〇
106A020,68.9,2,68.9,24.9,4.3,,,×
106A021,98.3,0.9,0.5,98.3,0.2,,,〇
106A022,99.3,0.3,99.3,0.4,0,,,〇
106A023,92.8,92.8,6.6,0.4,0.2,,,〇
106A024,89.5,1.2,5.9,3.3,89.5,,,〇
106A025,88.5,1.9,8.7,0.1,0.8,,,〇
106A026,35.2,26.6,20.4,17.9,35.2,,,×
106A027,42.6,12.9,30.1,14.4,42.6,,,×
106A028,53.8,30.6,53.8,2.5,13.1,,,×
106A029,73.7,73.7,5.8,12.2,8.3,,,〇
106A030,91,3.6,3.7,1.7,91,,,〇
106A031,47.8,17,1.2,47.8,34,,,×
106A032,19.3,19.3,5.2,40.4,35.1,,,×
106A033,43.9,3.7,3.6,43.9,48.8,,,×
106A034,51.7,7.8,22.5,51.7,18,,,×
106A035,80.9,2,5.1,12,80.9,,,〇
106A036,94.3,2.8,2.4,94.3,0.5,,,〇
106A037,96.1,1.4,96.1,1.3,1.2,,,〇
106A038,98.2,0.4,0.4,98.2,1.1,,,〇
106A039,44.8,2.9,45.4,7,44.8,,,×
106A040,96.5,0.3,1.1,96.5,2.2,,,〇
106A041,99.1,99.1,0.4,0.4,0.1,,,〇
106A042,71.3,0.9,23.8,71.3,4,,,〇
106A043,88,88,0.6,0.9,10.5,,,〇
106A044,81.1,0.7,15.8,81.1,2.4,,,〇
106A045,63.6,63.6,6.9,19.6,10,,,×
106A046,67.2,2.9,67.2,28.7,1.2,,,×
106A047,96.7,0.9,1.8,96.7,0.6,,,〇
106A048,17.4,55.2,13.1,14.4,17.4,,,×
106A049,64.7,64.7,7.9,26.7,0.7,,,×
106A050,92.2,92.2,0.9,1.7,5.2,,,〇
106A051,29.9,46.3,29.9,8.3,15.6,,,×
106A052,47.7,47.7,39.8,4.1,8.4,,,×
106A053,86.3,5.8,1.2,6.6,86.3,,,〇
106A054,89.3,5.9,4.1,0.6,89.3,,,〇
106A055,96.7,96.7,0,3,0.4,,,〇
106A056,95.5,95.5,0.6,3.7,0.2,,,〇
106A057,92.3,3.3,1.6,2.7,92.3,,,〇
106A058,62.1,62.1,13.2,9.3,15.4,,,×
106A059,28.8,62.1,28.8,3.5,5.6,,,×
106A060,25.4,25.4,7.2,44.5,22.8,,,×
106A061,69.8,10.7,69.8,5.6,13.9,,,×
106A062,97.6,0.7,0.7,97.6,1,,,〇
106A063,78.7,78.7,2.5,15,3.8,,,〇
106A064,47.8,47.8,16.8,11,24.4,,,×
106A065,92.9,1.9,1.6,92.9,3.6,,,〇
106A066,53.3,2.8,37.5,53.3,6.4,,,×
106A067,93.2,0.4,3.2,3.3,93.2,,,〇
106A068,96.6,96.6,0.1,1.4,1.9,,,〇
106A069,87.5,9.2,1.3,87.5,2,,,〇
106A070,24.5,24.5,31.4,6.8,37.4,,,×
106A071,65.5,18.4,65.5,14.6,1.5,,,×
106A072,61.9,1.4,61.9,0.2,36.4,,,×
106A073,71.2,13.4,6.3,5.3,3.9,,,〇
106A074,90.9,2.4,0.2,1.4,5.1,,,〇
106A075,65.9,0.1,2,19.7,65.9,,,×
106A076,47.7,19.6,47.7,8,7.1,,,×
106A077,52.8,3,24.6,52.8,7.5,,,×
106A078,73.5,25.9,73.5,0.1,0.1,,,〇
106A079,48.2,40.9,48.2,4.3,3.3,,,×
106A080,52.4,1.4,34,2.3,52.4,,,×
106A081,82.6,0.6,82.6,0.8,14.7,,,〇
106A082,37.2,12.5,41.8,34,91.1,,,×
106A083,86.8,2.4,98.2,1.1,88.5,,,〇
106A084,75.8,87.6,7.9,1.3,18,,,〇
106A085,41,6.1,20.5,50.7,84.3,,,×
106A086,42.8,46.5,27.4,20.6,92.9,,,×
106A087,19.5,68.1,24.6,32.2,20.5,,,×
106A088,93,5.3,94,0.6,98,,,〇
106A089,41.2,81.8,4.7,1.7,55.4,,,×
106A090,56.4,81.9,5.7,71.9,30.5,,,×
106A091,29.9,11.2,81.4,49.5,15.6,,,×
106A092,75.8,17.3,4.3,75.8,2.6,,,〇
106A093,92.6,2.2,0.4,4.8,92.6,,,〇
106A094,71.2,11,89.1,81.2,10.7,,,〇
106A095,50.9,50.9,15.6,2.9,30.6,,,×
106A096,95.7,0.3,1.9,95.7,2.2,,,〇
106A097,80.6,5.6,0.2,80.6,6.2,,,〇
106A098,79.1,79.1,0.9,3.3,16.7,,,〇
106A099,44.6,0.8,51.9,44.6,2.7,,,×
106A100,55.5,34.3,1.2,55.5,8.9,,,×
106A101,66.3,0.6,6.5,26.6,66.3,,,×
106A102,88.3,0.1,9.5,2,88.3,,,〇
106A103,59,13.9,59,2.4,10.1,,,×
106A104,60.7,16.4,3.4,19.5,60.7,,,×
106A105,31.4,4.4,22.7,17.3,31.4,,,×
106A106,53.9,0.4,53.9,1.1,44,,,×
106A107,86.2,3.9,3.5,6.3,86.2,,,〇
106A108,83.8,2.6,2.2,11.4,83.8,,,〇
106A109,52.1,0.8,46.6,0.5,52.1,,,×
106A110,94.8,0.9,98.8,4.1,95.8,,,〇
106A111,79.4,0.1,9.2,91.7,11.8,,,〇
106A112,27.5,56.6,57.9,45.3,18.5,,,×
106A113,97.6,0.4,1.1,97.6,0.9,,,〇
106A114,95.9,3.7,0.3,95.9,0.2,,,〇
106A115,94,0.2,5.3,94,0.5,,,〇
106A116,96.8,0.4,96.8,2,0.7,,,〇
106A117,59.1,20.5,59.1,4.1,16.3,,,×
106A118,95.5,0.2,4.1,0.2,95.5,,,〇
106A119,78.8,1.1,12,8.1,78.8,,,〇
106A120,69.4,1.2,10.9,11.8,6.8,,,×
106P001,97,0.6,0.9,97,1.5,,,〇
106P002,80.4,5.4,80.4,13.8,0.4,,,〇
106P003,66,3.5,20.1,66,10.4,,,×
106P004,71.3,2.1,25.1,1.4,71.3,,,〇
106P005,68.4,11.5,18.8,68.4,1.2,,,×
106P006,91.8,0.2,1.4,6.6,91.8,,,〇
106P007,99.6,0.2,0,0.2,99.6,,,〇
106P008,99.4,99.4,0.1,0,0.5,,,〇
106P009,92.1,92.1,0.2,1.7,5.9,,,〇
106P010,72.6,0.1,22.8,4.5,72.6,,,〇
106P011,99.5,0.1,0.1,99.5,0.4,,,〇
106P012,87.9,0.2,1.6,10.3,87.9,,,〇
106P013,99.1,0.1,99.1,0.4,0.4,,,〇
106P014,98.8,0.5,98.8,0.6,0.1,,,〇
106P015,97.9,0.4,1.4,0.4,97.9,,,〇
106P016,86.4,1.2,0.3,86.4,12.1,,,〇
106P017,82.4,82.4,11.1,3.3,3.2,,,〇
106P018,98.9,0.6,0.3,98.9,0.2,,,〇
106P019,99.4,99.4,0.1,0.4,0.1,,,〇
106P020,93.8,93.8,5,0.8,0.4,,,〇
106P021,88.4,88.4,8.9,1,1.7,,,〇
106P022,98.9,0.6,98.9,0.1,0.4,,,〇
106P023,98.9,0.2,0.5,0.4,98.9,,,〇
106P024,95.9,1.1,95.9,1.8,1.2,,,〇
106P025,99.5,0.1,99.5,0,0.4,,,〇
106P026,97.8,97.8,0.6,0.4,1.2,,,〇
106P027,87.9,3,5,87.9,4.2,,,〇
106P028,27.4,2.8,27.1,27.4,42.8,,,×
106P029,31.9,35.4,31.9,15.1,17.6,,,×
106P030,97.5,97.5,1.7,0.2,0.6,,,〇
106P031,60.2,5.1,12.7,21.9,60.2,,,×
106P032,28,12.2,28,34.7,25.1,,,×
106P033,65.7,1.1,1.1,32.2,65.7,,,×
106P034,97.5,0.2,0.3,97.5,1.9,,,〇
106P035,79.9,79.9,16.2,3.5,0.4,,,〇
106P036,74.9,74.9,13.5,7.6,4.1,,,〇
106P037,96.4,0.4,3,96.4,0.2,,,〇
106P038,84.3,12,1.2,84.3,2.5,,,〇
106P039,99.1,0.4,99.1,0.3,0.2,,,〇
106P040,71.6,2.9,71.6,1.2,24.3,,,〇
106P041,78.7,78.7,4,8.3,8.9,,,〇
106P042,91.5,2.8,5.3,91.5,0.4,,,〇
106P043,94.3,0.1,1.7,3.8,94.3,,,〇
106P044,65.9,5.9,27.8,65.9,0.4,,,×
106P045,93,4,2.8,93,0.2,,,〇
106P046,62.7,1.6,8.2,27.5,62.7,,,×
106P047,94.6,94.6,2.3,1.1,2.1,,,〇
106P048,65.6,2.2,29.4,65.6,2.9,,,×
106P049,94.3,0.2,94.3,5,0.5,,,〇
106P050,80.8,7,7.8,4.4,80.8,,,〇
106P051,56.3,16.2,26.1,1.5,56.3,,,×
106P052,96.9,1.1,1.4,96.9,0.6,,,〇
106P053,78.7,78.7,9.3,11.8,0.2,,,〇
106P054,9.8,39.7,20.8,9.8,29.8,,,×
106P055,98.3,0.4,0.7,0.6,98.3,,,〇
106P056,86.7,5,86.7,5.1,3.3,,,〇
106P057,83.8,4,0.5,11.8,83.8,,,〇
106P058,28.1,4.2,26.2,28.1,41.5,,,×
106P059,40.7,44.7,12.4,40.7,2.2,,,×
106P060,9.9,9.9,57.6,28.3,4.1,,,×
106P061,98,0.1,98,0.5,1.5,,,〇
106P062,85.3,1.9,85.3,11.8,1.1,,,〇
106P063,67.6,2.5,5.4,67.6,24.5,,,×
106P064,81.7,13.5,0.7,81.7,4,,,〇
106P065,95,0.2,4.2,0.3,95,,,〇
106P066,15.2,60.5,13.2,15.2,0.9,,,×
106P067,71.5,11.8,71.5,1.8,4.4,,,〇
106P068,81.7,4.1,0.9,0.9,12.5,,,〇
106P069,92.6,3.2,1,92.6,1.2,,,〇
106P070,66.3,12.4,66.3,2.9,4.3,,,×
106P071,62.4,23.5,0.8,12.4,0.8,,,×
106P072,39,39,2.7,5,0.2,,,×
106P073,93.2,1.1,3.1,3.2,95.9,,,〇
106P074,68.3,9,12.9,13.5,74.5,,,×
106P075,60.1,29.5,73.6,9,85.1,,,×
106P076,27.5,37.3,18.1,59.4,51.5,,,×
106P077,20.2,44.1,8.2,38.4,26.2,,,×
106P078,96.6,0.7,1.6,98.8,1.2,,,〇
106P079,12.6,42.2,46,24.5,54.4,,,×
106P080,88.7,98,90.7,0.9,10,,,〇
106P081,58.3,10.3,99.5,19.6,11.9,,,×
106P082,86,8,87.6,5,10.2,,,〇
106P083,92.2,98.1,0.7,93,2.1,,,〇
106P084,18.2,42.3,77.9,71.6,7.9,,,×
106P085,41.8,64.4,1.2,45.4,16.7,,,×
106P086,87.5,3.7,2.6,9.2,90.7,,,〇
106P087,89.9,1.3,0.7,8.1,91.1,,,〇
106P088,86.8,2.6,8.5,87.2,2.3,,,〇
106P089,76.1,,,,,,,〇
106P090,72,,,,,,,〇
106P091,45.9,45.9,31.9,3.7,18.6,,,×
106P092,86.2,86.2,4.6,3.8,5.5,,,〇
106P093,95.6,1.1,62,3.4,33.6,,,〇
106P094,95.6,0.1,0.6,3.7,95.6,,,〇
106P095,97,0.7,97,1.9,0.4,,,〇
106P096,72.1,4,72.1,4.3,19.6,,,〇
106P097,62.7,62.7,11.7,5.3,3,,,×
106P098,42,42,16.8,24.4,15.9,,,×
106P099,79.2,1.5,17.7,0.1,1.6,,,〇
106P100,94.4,1.7,2.9,94.4,1,,,〇
106P101,93.7,0.9,93.7,3,2.4,,,〇
106P102,84.3,0.4,9.2,6.1,84.3,,,〇
106P103,98,98,0.7,1.1,0.3,,,〇
106P104,98.8,0.7,0.1,0.4,98.8,,,〇
106P105,61.8,61.8,27.6,8.7,1.9,,,×
106P106,99,0.4,0.3,0.3,99,,,〇
106P107,83.7,83.7,8.2,2.4,5.6,,,〇
106P108,67.8,67.8,26.1,0.1,0.7,,,×
106P109,74.1,13,3.2,74.1,9.7,,,〇
106P110,25.3,2,49.9,25.3,22.8,,,×
106P111,35.9,0.7,63.2,0.1,35.9,,,×
106P112,62.7,7.4,0.7,29.2,62.7,,,×
106P113,87.3,87.3,2,5.6,5.1,,,〇
106P114,99.2,0.5,0.1,0.2,99.2,,,〇
106P115,47.2,0.3,76.2,66,27.3,,,×
106P116,64.4,27.1,64.4,6,2.6,,,×
106P117,96.9,96.9,1.1,0.8,1.2,,,〇
106P118,81,81,0.9,0.2,17.9,,,〇
106P119,74.2,1.3,7.4,17.2,74.2,,,〇
106P120,79.5,10.4,2.3,79.5,0.4,,,〇
107A001,98.5,98.5,0.1,0.2,1.2,,,〇
107A002,44.7,4.3,44.7,21.6,29.5,,,×
107A003,97.4,1.7,0.3,0.7,97.4,,,〇
107A004,73,24.3,1.7,73,0.9,,,〇
107A005,99.4,0.3,99.4,0.2,0.1,,,〇
107A006,95.1,95.1,0.6,3.9,0.4,,,〇
107A007,97.4,1.2,0.3,1.1,97.4,,,〇
107A008,98.1,0.3,0.3,1.3,98.1,,,〇
107A009,52.8,1.6,52.8,18.9,26.7,,,×
107A010,84.2,2.6,1.3,11.9,84.2,,,〇
107A011,47.6,5,8.9,47.6,38.5,,,×
107A012,98.6,0.2,0.7,0.5,98.6,,,〇
107A013,78.9,8.5,78.9,1.8,10.8,,,〇
107A014,98.3,0.7,98.3,0.4,0.5,,,〇
107A015,96.2,0.6,1.5,1.8,96.2,,,〇
107A016,98,0.3,1.4,98,0.3,,,〇
107A017,92.7,0.4,0.2,6.7,92.7,,,〇
107A018,97.3,0.3,0.1,2.3,97.3,,,〇
107A019,96.9,96.9,0.6,1.6,0.8,,,〇
107A020,94.8,1.2,3.5,94.8,0.5,,,〇
107A021,98.7,0.3,0.6,98.7,0.4,,,〇
107A022,90.2,3.8,90.2,5.5,0.5,,,〇
107A023,99.1,0.5,99.1,0.3,0.1,,,〇
107A024,98.3,0.5,0.7,98.3,0.5,,,〇
107A025,91.8,0.2,0.1,0.6,7.3,91.8,,〇
107A026,71.4,10.7,3.6,71.4,14.4,,,〇
107A027,53,10,15.5,21.5,53,,,×
107A028,23,15.4,29.9,31.7,23,,,×
107A029,80.9,80.9,0.8,16.4,1.9,,,〇
107A030,96.1,0.6,96.1,1.1,2.2,,,〇
107A031,83.5,0.4,83.5,16,0.1,,,〇
107A032,62.7,62.7,20.4,10.1,6.8,,,×
107A033,98,0.5,0.3,1.2,98,,,〇
107A034,68.2,68.2,13.1,11.6,7.1,,,×
107A035,99,0.3,0.5,99,0.2,,,〇
107A036,85.7,2.1,10,85.7,2.3,,,〇
107A037,78.1,78.1,0.4,0.5,21,,,〇
107A038,71.8,1.1,8.4,71.8,18.7,,,〇
107A039,92.8,6.1,0.5,0.7,92.8,,,〇
107A040,72.9,7.4,16.6,72.9,3.2,,,〇
107A041,83.1,12.8,2.3,1.7,83.1,,,〇
107A042,84.5,84.5,0.7,14.6,0.2,,,〇
107A043,68.6,6.7,13.4,11.4,68.6,,,×
107A044,96.6,1.4,0.9,1.1,96.6,,,〇
107A045,93.4,2.4,93.4,1.5,2.8,,,〇
107A046,57.5,20.4,6.4,57.5,15.7,,,×
107A047,85.6,0.4,0.5,85.6,13.4,,,〇
107A048,60.3,1.4,1.4,36.8,60.3,,,×
107A049,93.9,2.3,2.5,93.9,1.3,,,〇
107A050,98.2,0.4,0.2,1.3,98.2,,,〇
107A051,93.3,0.6,3.3,93.3,2.8,,,〇
107A052,50.3,50.3,3.3,1.3,45,,,×
107A053,75.2,11.6,2.4,75.2,10.8,,,〇
107A054,96.3,0.1,0.9,96.3,2.6,,,〇
107A055,90.4,3.2,90.4,1.3,5.1,,,〇
107A056,61.7,1.7,61.7,7.6,29,,,×
107A057,96.5,1.6,0.5,1.3,96.5,,,〇
107A058,42.3,9.2,42.3,33.5,15.1,,,×
107A059,66.3,2.2,66.3,6.2,25.2,,,×
107A060,92.8,92.8,6.8,0.1,0.3,,,〇
107A061,77.2,0.4,4.6,17.7,77.2,,,〇
107A062,94.5,1.8,2.7,1,94.5,,,〇
107A063,81.2,5.6,7.1,81.2,6.1,,,〇
107A064,63.6,3.9,0.3,63.6,32.2,,,×
107A065,48.1,44.7,48.1,5.3,1.9,,,×
107A066,92,6.3,0.7,1,92,,,〇
107A067,82.6,2.8,82.6,10,4.6,,,〇
107A068,78,3.3,7.2,5,78,6.5,,〇
107A069,74,0.5,74,7.2,13.4,4.9,,〇
107A070,31.1,31.1,11.1,10.1,38,9.8,,×
107A071,27.2,1.7,4.3,27.2,32.9,33.9,,×
107A072,59.8,59.8,7.7,13.5,6.1,12.9,,×
107A073,70.1,70.1,5.5,4.6,15.4,4.4,,〇
107A074,63.5,26.9,3.7,63.5,4.2,1.7,,×
107A075,83,83,0.9,7.2,2,7,,〇
107A076,54.4,3.6,29.7,54.4,3.7,8.6,,×
107A077,83.3,0.1,0.5,6.4,9.6,83.3,,〇
107A078,93.5,3.2,1.9,93.5,1,0.4,,〇
107A079,45.1,0.7,28.9,0.9,24.3,45.1,,×
107A080,71,0.4,18,71,7.9,2.8,,〇
107A081,96.1,1.5,0.8,0.9,0.8,96.1,,〇
107A082,20.8,61.8,41.4,47.3,28.3,21.2,,×
107A083,4,8.8,33.2,26.9,84,47.1,,×
107A084,97,98.7,2.5,98,0.5,0.2,,〇
107A085,57.8,83.9,71.9,27.1,3.7,13.4,,×
107A086,96.8,0.6,0.8,99.1,2,97.5,,〇
107A087,78.2,0.1,16.7,83.4,94.4,5.4,,〇
107A088,57.1,0.4,76,42,0.8,80.8,,×
107A089,91.8,99.2,92.4,0.7,4.1,3.5,,〇
107A090,82.5,,,,,,,〇
107A091,83.5,83.5,2.2,2.3,9.9,2.2,,〇
107A092,90.1,1.2,0.6,94,95.9,8.2,,〇
107A093,92.4,0.8,1,97.3,5.9,95,,〇
107A094,96.4,2.9,96.4,0.4,0.3,,,〇
107A095,97.5,0.2,1.2,1.2,97.5,,,〇
107A096,94.6,0.4,3.6,1.4,94.6,,,〇
107A097,45.5,11.5,42.3,45.5,0.7,,,×
107A098,90.9,0.4,90.9,6,2.6,,,〇
107A099,88.1,0.1,10.7,88.1,1,,,〇
107A100,71.7,4.1,71.7,0.4,23.8,,,〇
107A101,96.1,0.5,0.2,96.1,3.2,,,〇
107A102,95.2,0.1,2.8,95.2,1.9,,,〇
107A103,89.5,0.4,89.5,9.5,0.7,,,〇
107A104,51.9,1.5,42.4,4.2,51.9,,,×
107A105,84.6,0.2,12.4,2.8,84.6,,,〇
107A106,99.1,99.1,0.3,0.4,0.2,,,〇
107A107,85,12.2,2.1,0.7,85,,,〇
107A108,90,90,6.8,2.9,0.3,,,〇
107A109,74.5,1.5,6.1,74.5,17.9,,,〇
107A110,99.3,99.3,0.1,0.1,0.4,,,〇
107A111,98.2,0.4,0.1,1.3,98.2,,,〇
107A112,97.5,0.6,1.5,97.5,0.4,,,〇
107A113,98.8,0.6,0.3,0.3,98.8,,,〇
107A114,69.8,69.8,1,21.7,7.5,,,×
107A115,68,18.6,68,13.2,0.3,,,×
107A116,84.4,14.7,84.4,0.7,0.3,,,〇
107A117,70.7,10.1,14,5.3,70.7,,,〇
107A118,93.5,4,93.5,1.8,0.7,,,〇
107A119,55.9,55.9,9.1,15.7,19.4,,,×
107A120,96.7,1,96.7,1.3,1,,,〇
107P001,96.5,2.1,0.6,96.5,0.8,,,〇
107P002,92,6.5,92,1.4,0.1,,,〇
107P003,82.7,6.8,1.1,82.7,9.4,,,〇
107P004,81.6,1,3.1,14.2,81.6,,,〇
107P005,70.8,26.1,1.4,1.7,70.8,,,〇
107P006,94.8,0.9,2.6,1.7,94.8,,,〇
107P007,94.4,94.4,1.7,2,2,,,〇
107P008,97.5,0.3,0.7,97.5,1.5,,,〇
107P009,99.3,0.3,99.3,0.4,0.1,,,〇
107P010,91.6,1.3,1.5,91.6,5.7,,,〇
107P011,99.4,0.2,0.3,99.4,0.1,,,〇
107P012,74.4,74.4,5.2,10.1,10.2,,,〇
107P013,92.7,2.1,4.6,0.6,92.7,,,〇
107P014,97.9,1.4,97.9,0.5,0.1,,,〇
107P015,99.3,0.3,0.2,99.3,0.2,,,〇
107P016,79.3,8,6.2,79.3,6.5,,,〇
107P017,98.2,0.6,98.2,0.8,0.4,,,〇
107P018,95.6,2.4,95.6,1.6,0.5,,,〇
107P019,99.3,0.1,0.3,99.3,0.3,,,〇
107P020,98.4,0.6,98.4,0.3,0.7,,,〇
107P021,96.9,2.3,96.9,0.5,0.3,,,〇
107P022,NULL,34.7,9.4,3,53,,,〇
107P023,79.9,7.5,9.4,79.9,3.2,,,〇
107P024,NULL,8.6,67.5,5.3,18.6,,,〇
107P025,97,0.3,0.7,1.7,97,0.3,,〇
107P026,59.5,59.5,2.1,14,24.4,,,×
107P027,52.7,2.1,11,52.7,34.2,,,×
107P028,80.9,8.3,5.7,5.1,80.9,,,〇
107P029,37.2,3,29.1,30.7,37.2,,,×
107P030,59.7,27.8,3,59.7,9.5,,,×
107P031,72.6,5.9,3.2,72.6,18.3,,,〇
107P032,47,47,12.4,18.9,21.7,,,×
107P033,88,6.6,0.3,5.2,88,,,〇
107P034,92.5,5.6,0.9,1,92.5,,,〇
107P035,88.6,0.2,3.5,88.6,7.7,,,〇
107P036,86.8,10.4,1.6,1.2,86.8,,,〇
107P037,90.2,8.2,0.7,90.2,0.8,,,〇
107P038,27.3,27.3,27.3,34.2,11.2,,,×
107P039,84.8,8.4,3.3,84.8,3.5,,,〇
107P040,97.4,1.2,0.9,0.5,97.4,,,〇
107P041,90.5,1.3,1.4,6.9,90.5,,,〇
107P042,70.4,11.5,16.5,70.4,1.6,,,〇
107P043,72.9,20.7,6,0.4,72.9,,,〇
107P044,58.5,23.3,58.5,2.6,15.6,,,×
107P045,29.6,14.2,29.6,15,41.2,,,×
107P046,59.3,22,8.6,10,59.3,,,×
107P047,70.2,24.3,3.8,70.2,1.7,,,〇
107P048,35.7,50.9,0.9,12.4,35.7,,,×
107P049,75.2,9.5,75.2,10.2,5.1,,,〇
107P050,92.6,4.6,1,1.9,92.6,,,〇
107P051,10.1,69,10.1,7,13.9,,,×
107P052,37.9,19.5,21.8,20.8,37.9,,,×
107P053,91.1,91.1,6.2,1.2,1.5,,,〇
107P054,94.9,4.1,0.4,94.9,0.6,,,〇
107P055,82.1,82.1,8.9,3.8,5.2,,,〇
107P056,78.5,78.5,14.3,3.4,3.8,,,〇
107P057,65.6,6.3,11.1,65.6,17,,,×
107P058,41.6,18.8,18.4,21.3,41.6,,,×
107P059,76.8,3.7,2.9,16.7,76.8,,,〇
107P060,84.6,84.6,9.5,4.4,1.6,,,〇
107P061,88.8,5.3,0.4,5.5,88.8,,,〇
107P062,25.4,0.8,25.4,57.8,16,,,×
107P063,57.5,6.1,20,16.4,57.5,,,×
107P064,86.6,86.6,0.2,3.9,9.3,,,〇
107P065,25.2,1.6,2.6,70.6,25.2,,,×
107P066,85.6,5.5,85.6,8.1,0.8,,,〇
107P067,98.3,0.3,0.6,0.8,98.3,,,〇
107P068,98.5,0.3,0.6,98.5,0.7,,,〇
107P069,74.8,1.5,8.4,74.8,15.3,,,〇
107P070,77.2,1.7,18.8,77.2,1.1,1.2,,〇
107P071,48.5,1.5,1.9,1.8,46.2,48.5,,×
107P072,76.2,0.4,0.6,76.2,1.6,21.2,,〇
107P073,84,5,2.6,3.3,5.1,84,,〇
107P074,37.1,10.9,25.4,37.1,6.2,20.5,,×
107P075,76.5,0.5,76.5,1.8,0.6,20.7,,〇
107P076,23.4,13.8,12.6,23.4,16.9,33.2,,×
107P077,73,0.8,8.8,14.9,73,2.5,,〇
107P078,89.4,0.4,89.4,4.8,4.1,1.3,,〇
107P079,86.2,0.3,4.7,86.2,8.4,0.4,,〇
107P080,64.5,64.5,14.4,12.3,3.1,5.8,,×
107P081,77.1,7.3,3.5,8.3,77.1,3.8,,〇
107P082,89.3,89.3,4.9,2.6,0.4,2.8,,〇
107P083,56.6,94.7,29.6,11.5,5.2,59,,×
107P084,49.8,38.3,70.2,12.9,3.3,75.3,,×
107P085,97.4,0.9,0.6,98.2,99.1,1.3,,〇
107P086,71.7,5.6,16.8,97.9,6.6,73,,〇
107P087,15.3,24.6,70.9,25,23.8,55.8,,×
107P088,69.7,20.7,83,85.9,9.6,0.8,,×
107P089,56.3,35,74.1,79.7,9.5,1.8,,×
107P090,68.2,,,,,,,×
107P091,64,15.1,20.1,0.8,64,,,×
107P092,84.6,84.6,0.7,5.4,9.3,,,〇
107P093,93.8,93.8,0.4,5.4,0.4,,,〇
107P094,62.2,20.4,8.4,9,62.2,,,×
107P095,72.3,0.6,72.3,0.8,20.2,6.1,,〇
107P096,82.7,82.7,9.2,7.5,0.6,,,〇
107P097,58.7,27.4,58.7,11.1,1.4,1.4,,×
107P098,94.7,94.7,0.4,0.4,4.5,,,〇
107P099,99.2,0.3,0.2,99.2,0.3,,,〇
107P100,75,75,23.9,1,0.1,,,〇
107P101,79.7,0.3,11.5,79.7,4.3,4.2,,〇
107P102,98.1,0.2,98.1,0.1,1.5,,,〇
107P103,81.1,1.2,3.4,1,13.3,81.1,,〇
107P104,82.8,82.8,0.5,0.6,16.1,,,〇
107P105,36.6,15.4,36.6,26.1,21.8,,,×
107P106,92.3,3.7,1.6,92.3,2.5,,,〇
107P107,67.3,30.6,0.1,2,67.3,,,×
107P108,97.8,0.3,0.1,1.8,97.8,,,〇
107P109,97.4,97.4,1,1,0.7,,,〇
107P110,97.8,0.3,0.3,1.6,97.8,,,〇
107P111,57.1,0.6,41.7,57.1,0.6,,,×
107P112,87.8,0.7,3.1,87.8,8.3,,,〇
107P113,56.8,56.8,5.3,34.8,3.2,,,×
107P114,41.1,41.1,4.9,0.8,53.2,,,×
107P115,43.9,14.9,27,43.9,14.1,,,×
107P116,45.2,45.5,45.2,2.7,6.7,,,×
107P117,71.6,2.1,12.9,71.6,13.4,,,〇
107P118,82.7,10.5,3.9,2.8,82.7,,,〇
107P119,96.1,2.1,0.5,96.1,1.3,,,〇
107P120,54.2,54.2,42.4,2.4,1,,,×
108A001,91.8,91.8,7,0.9,0.3,,,〇
108A002,96.9,1.7,0.7,96.9,0.7,,,〇
108A003,65.1,5.7,27.1,2.1,65.1,,,×
108A004,98.7,98.7,0.8,0.2,0.4,,,〇
108A005,NULL,46.9,52.6,0.2,0.3,,,〇
108A006,99.2,0.3,99.2,0.4,0.2,,,〇
108A007,91.3,0.6,1.9,6.2,91.3,,,〇
108A008,97.1,97.1,0.3,2,0.7,,,〇
108A009,98.3,0.3,0.6,98.3,0.8,,,〇
108A010,67.8,0.3,25.5,67.8,6.4,,,×
108A011,80.4,0.4,18.9,80.4,0.3,,,〇
108A012,87.9,2.1,87.9,8.9,1.1,,,〇
108A013,98.9,0.2,98.9,0.5,0.4,,,〇
108A014,94.9,0.6,2.8,94.9,1.7,,,〇
108A015,83,3.7,83,1.8,11.5,,,〇
108A016,98.7,0.8,0.4,98.7,0.1,,,〇
108A017,71.7,71.7,2,14,12.3,,,〇
108A018,94.4,1.4,2.8,1.4,94.4,,,〇
108A019,99.4,99.4,0.1,0.3,0.2,,,〇
108A020,83.3,0.3,9.3,83.3,7.2,,,〇
108A021,98.1,0.2,0.7,98.1,0.9,,,〇
108A022,99.2,0.2,0.1,0.4,99.2,,,〇
108A023,67.3,4.8,2.2,67.3,25.7,,,×
108A024,88.2,5.3,3.8,2.2,88.2,0.5,,〇
108A025,97.5,0.4,0.3,0.4,1.4,97.5,,〇
108A026,26,26,18.3,12.8,42.9,,,×
108A027,84.9,5.7,2.1,7.3,84.9,,,〇
108A028,64.6,64.6,6.7,6.1,22.6,,,×
108A029,57.6,57.6,3,33,6.4,,,×
108A030,94.9,0.2,4.5,94.9,0.4,,,〇
108A031,47.9,7.3,34.7,47.9,10.1,,,×
108A032,88.9,2.7,88.9,7.6,0.8,,,〇
108A033,39.4,39.4,26.7,19,15,,,×
108A034,26.9,10.3,26.9,35,27.7,,,×
108A035,89.3,89.3,0.4,0.5,9.7,,,〇
108A036,88.9,88.9,3,1.7,6.3,,,〇
108A037,98.8,0.3,0.5,98.8,0.4,,,〇
108A038,61.5,23.4,5.8,9.3,61.5,,,×
108A039,99.5,99.5,0.1,0.1,0.2,,,〇
108A040,41.9,41.9,32.1,19.5,6.5,,,×
108A041,93.1,1.2,93.1,2.8,2.9,,,〇
108A042,63,6.6,7.8,22.5,63,,,×
108A043,61.1,14.1,9,15.7,61.1,,,×
108A044,64,0.2,35.4,64,0.3,,,×
108A045,96.6,96.6,0.3,0.4,2.6,,,〇
108A046,91.2,2.6,2.6,91.2,3.6,,,〇
108A047,87.4,7.3,5.1,87.4,0.2,,,〇
108A048,92.3,0.7,5.6,1.4,92.3,,,〇
108A049,39.2,44.4,39.2,1,15.5,,,×
108A050,93,3.7,93,0.8,2.5,,,〇
108A051,75.2,20.1,4.3,75.2,0.3,,,〇
108A052,96.8,0.2,0.8,96.8,2.2,,,〇
108A053,96.8,1.7,0.1,1.5,96.8,,,〇
108A054,97.3,0.6,1.3,97.3,0.8,,,〇
108A055,78.2,10.4,78.2,5.7,5.6,,,〇
108A056,85.9,0.9,85.9,0.7,12.5,,,〇
108A057,98.4,0.1,0.2,1.2,98.4,,,〇
108A058,77.1,5.6,77.1,4.5,12.7,,,〇
108A059,92.5,92.5,7.1,0.3,0.1,,,〇
108A060,71,3.9,17.8,71,7.4,,,〇
108A061,27.1,27.1,18.1,0.4,54.4,,,×
108A062,74.5,74.5,6,9.8,9.6,,,〇
108A063,18.7,65.2,0.8,18.7,15.3,,,×
108A064,97.8,0.3,1.4,97.8,0.5,,,〇
108A065,82,1.1,4.4,82,12.5,,,〇
108A066,98.4,98.4,0.7,0.5,0.4,,,〇
108A067,80.3,12.9,3.3,80.3,3.5,,,〇
108A068,86.8,3.4,86.8,1.7,8.2,,,〇
108A069,29,29,53.5,8,9.5,,,×
108A070,72.2,72.2,3.6,12.6,11.6,,,〇
108A071,90.8,0.4,90.8,0.3,8.5,,,〇
108A072,47.1,0.3,9.3,43.3,47.1,,,×
108A073,81.4,0.8,2.8,81.4,15.1,,,〇
108A074,86.8,1.3,1.2,10.7,86.8,,,〇
108A075,99.4,99.4,0.3,0.2,0.2,,,〇
108A076,98.3,0.4,0.2,98.3,1.1,,,〇
108A077,95.5,95.5,3,1,0.5,,,〇
108A078,93.2,93.2,2.3,1.9,2.6,,,〇
108A079,54.5,6.6,7.9,6.2,24.8,54.5,,×
108A080,82.6,0.5,9.3,3.2,4.3,82.6,,〇
108A081,87.8,5.2,87.8,0.8,0.3,5.9,,〇
108A082,91.8,2.3,1.5,2.9,1.6,91.8,,〇
108A083,36.9,34.5,16.4,77.3,23.2,48.6,,×
108A084,22.8,27.5,55.9,40.2,31.1,45.3,,×
108A085,40.6,54.7,13.1,7.1,80.7,44.4,,×
108A086,15.2,18.5,53.5,53.8,29.5,44.6,,×
108A087,61.4,21.1,20.3,77.4,67.6,13.6,,×
108A088,97.3,98.7,0.5,98.3,0.9,1.6,,〇
108A089,54.8,74.1,34.2,8.9,77,5.8,,×
108A090,91.7,,,,,,,〇
108A091,44.7,33.7,9.1,44.7,12.4,,,×
108A092,90.7,2.4,90.7,0.3,6.5,,,〇
108A093,61.8,2.6,3.1,61.8,32.5,,,×
108A094,60.8,2.9,60.8,5.2,31.1,,,×
108A095,20.2,7.8,29.9,20.2,42,,,×
108A096,68.2,2.2,68.2,2.5,27.1,,,×
108A097,57.8,57.8,6.5,13,22.6,,,×
108A098,99.1,0.1,0.3,0.5,99.1,,,〇
108A099,68,0.4,28.8,68,2.8,,,×
108A100,68.9,98.5,71,21.4,2.1,7,,×
108A101,98,0.3,0.4,1.3,98,,,〇
108A102,93.8,93.8,2.5,1.5,2.3,,,〇
108A103,93.7,0.9,93.7,2.5,2.8,,,〇
108A104,96.8,0.1,0.2,96.8,2.9,,,〇
108A105,91.2,3.9,91.2,0.6,4.2,,,〇
108A106,90.1,90.1,2.3,4.2,3.4,,,〇
108A107,91.6,1.4,91.6,4.3,2.7,,,〇
108A108,89.4,1.1,2.6,7.3,95.3,93.7,,〇
108A109,17.8,2.1,42.4,17.8,37.7,,,×
108A110,92.5,6.9,0.6,56,36.5,,,〇
108A111,69.8,4.2,14.2,12.7,80.9,88,,×
108A112,90.7,5,1.6,2.7,90.7,,,〇
108A113,65.2,65.2,25,0.7,9.1,,,×
108A114,97.8,0.1,1.4,97.8,0.7,,,〇
108A115,60.6,85.9,74.4,38.6,0.5,0.6,,×
108A116,94.5,0.1,0.3,94.5,5.1,,,〇
108A117,94.4,94.4,2.4,2.7,0.4,,,〇
108A118,89.9,3.7,2,89.9,4.4,,,〇
108A119,97.6,0.3,0.2,1.1,97.6,0.8,,〇
108A120,96.9,96.9,2.2,0.1,0.8,,,〇
108P001,98,0.5,98,0.7,0.8,,,〇
108P002,98.8,0.1,1,98.8,0.1,,,〇
108P003,96.8,0.3,96.8,2.8,0.1,,,〇
108P004,99.3,0.2,99.3,0.4,0.1,,,〇
108P005,90.1,6.5,2.8,90.1,0.6,,,〇
108P006,99.4,0.2,0.1,0.3,99.4,,,〇
108P007,94.6,4.1,1.2,94.6,0.2,,,〇
108P008,91.7,4.1,0.3,3.9,91.7,,,〇
108P009,82.7,11,4.7,82.7,1.5,,,〇
108P010,98.9,98.9,0.5,0.1,0.4,,,〇
108P011,96.9,0.2,0.4,96.9,2.5,,,〇
108P012,98.8,0.2,0.9,98.8,0.2,,,〇
108P013,98.8,0.9,98.8,0.3,0.1,,,〇
108P014,69.5,22.8,69.5,1.4,6.3,,,×
108P015,99.1,0.1,0.3,0.5,99.1,,,〇
108P016,86.9,0.9,11.6,86.9,0.6,,,〇
108P017,88.5,88.5,4.2,0.2,7.1,,,〇
108P018,97,0.5,97,2.2,0.3,,,〇
108P019,99.5,99.5,0.2,0.2,0.1,,,〇
108P020,98.4,0.3,0.1,1.2,98.4,,,〇
108P021,96.1,1.7,0.7,1.6,96.1,,,〇
108P022,99,0.2,0.6,99,0.1,,,〇
108P023,89.2,3.5,1.3,6,89.2,,,〇
108P024,97,0.7,1.6,0.2,0.5,97,,〇
108P025,95.7,0.2,0.7,2.7,95.7,0.7,,〇
108P026,24.3,24.3,57.7,5.7,12.3,,,×
108P027,42.2,7.2,19.7,30.9,42.2,,,×
108P028,86.1,9.7,1,3.1,86.1,,,〇
108P029,80.6,16.2,80.6,2.2,1.1,,,〇
108P030,66.1,66.1,0.5,33,0.4,,,×
108P031,45.3,27,23.8,3.9,45.3,,,×
108P032,95.8,0.7,2.8,0.7,95.8,,,〇
108P033,64.1,0.8,11.5,64.1,23.6,,,×
108P034,43.5,2.3,43.5,14.9,39.3,,,×
108P035,23.9,24.5,14.2,23.9,37.3,,,×
108P036,93.6,2.3,3.5,0.5,93.6,,,〇
108P037,77.4,4.5,1.3,77.4,16.8,,,〇
108P038,55.5,26,55.5,18.2,0.4,,,×
108P039,96.2,1.6,1,96.2,1.2,,,〇
108P040,88.5,88.5,1.8,6.3,3.3,,,〇
108P041,99.7,99.7,0.2,0,0.1,,,〇
108P042,48.4,29.3,48.4,18.7,3.6,,,×
108P043,97.7,97.7,0.2,0.4,1.8,,,〇
108P044,92.1,5.6,2,92.1,0.3,,,〇
108P045,86.8,1.6,3.6,7.9,86.8,,,〇
108P046,88.7,0.7,2.6,8,88.7,,,〇
108P047,89.5,89.5,1.5,5.3,3.6,,,〇
108P048,86.2,2.8,3.2,7.8,86.2,,,〇
108P049,75.4,2.8,14.8,75.4,7,,,〇
108P050,97.3,97.3,0.2,0.7,1.9,,,〇
108P051,91.1,1,1.1,6.8,91.1,,,〇
108P052,84.7,5.4,84.7,2.1,7.8,,,〇
108P053,77.5,2,8.6,77.5,11.8,,,〇
108P054,84.7,11.4,2.3,1.6,84.7,,,〇
108P055,55.5,10.5,26.7,55.5,7.3,,,×
108P056,65.9,65.9,12.3,13.7,8,,,×
108P057,76.6,0.9,7.5,15.1,76.6,,,〇
108P058,86,5.8,0.8,86,7.4,,,〇
108P059,84.3,0.4,84.3,10.5,4.8,,,〇
108P060,97,0.7,0.6,1.7,97,,,〇
108P061,49,12.9,49,10.4,27.8,,,×
108P062,69.7,8.9,69.7,3.3,18.2,,,×
108P063,65.4,9.5,0.9,24.2,65.4,,,×
108P064,92.6,0.2,92.6,6.2,1,,,〇
108P065,66.4,31.1,66.4,0.3,2.2,,,×
108P066,96.8,0.2,2.4,0.6,96.8,,,〇
108P067,95.3,1.1,2.1,95.3,1.6,,,〇
108P068,72.1,72.1,16.4,1.4,10.1,,,〇
108P069,98.7,0.6,0.3,0.4,98.7,,,〇
108P070,85.3,12.6,1.2,0.9,85.3,,,〇
108P071,96.5,1.8,96.5,1.1,0.6,,,〇
108P072,38.9,40,14,7.1,38.9,,,×
108P073,39.6,24.5,27.4,39.6,8.5,,,×
108P074,11.1,12.9,5.5,11.1,1.7,68.9,,×
108P075,88.8,1.4,1.1,7.7,88.8,1,,〇
108P076,24.7,13.5,19.9,24.7,36.6,5.3,,×
108P077,89,89,0.7,6.3,2.5,1.5,,〇
108P078,47.1,3.6,47.1,23.4,24,1.8,,×
108P079,62.3,18.8,6.9,6,62.3,6.1,,×
108P080,59.6,0.7,59.6,2.3,14,23.4,,×
108P081,62.1,21.7,62.1,3.9,2.6,9.8,,×
108P082,39.2,8.2,15.5,43.3,41.3,91.6,,×
108P083,64.2,17.3,94.3,68.4,17.8,2.2,,×
108P084,84.9,6.7,99.3,85.4,0.7,7.9,,〇
108P085,45.9,70.1,71.7,38.6,5.7,13.9,,×
108P086,64.7,72.9,8.3,11.9,21.6,85.4,,×
108P087,94,96.8,96.8,0.8,0.7,4.9,,〇
108P088,89.9,9.5,0.5,97.2,0.4,92.4,,〇
108P089,93.1,0.5,94.2,0.9,5.8,98.6,,〇
108P090,68.3,83.7,2.7,83.3,24.8,5.5,,×
108P091,87.1,7.6,87.1,4.4,1,,,〇
108P092,21.9,60.8,3,14.2,21.9,,,×
108P093,71.7,94,2.1,13.2,13.8,76.9,,〇
108P094,84.8,4.1,1.3,97.5,86.9,10.3,,〇
108P095,98.5,0.2,0.1,1.2,98.5,,,〇
108P096,98.4,0.6,0.6,0.3,98.4,,,〇
108P097,32.6,32.6,3.7,29.8,33.9,,,×
108P098,98.8,0.5,99,0.7,0.3,99.5,,〇
108P099,84,0.5,8.7,1.5,5.3,84,,〇
108P100,79.6,6.1,79.6,13.3,1,,,〇
108P101,75.7,75.7,6,0.3,18.1,,,〇
108P102,98.6,1,98.6,0.3,0.2,,,〇
108P103,66.7,15,3.5,5.3,9.5,66.7,,×
108P104,73.4,16.2,6,4.3,73.4,,,〇
108P105,80.8,10.7,2.1,6.3,80.8,,,〇
108P106,90.7,0.5,90.7,1.9,6.9,,,〇
108P107,77.9,6,11.2,4.9,77.9,,,〇
108P108,97.6,0.9,1.1,0.4,97.6,,,〇
108P109,76.7,0.4,76.7,3.6,19.3,,,〇
108P110,70.9,70.9,11.8,16.5,0.9,,,〇
108P111,93.7,93.7,0.2,1.4,4.7,,,〇
108P112,96.9,96.9,0.7,0.1,2.3,,,〇
108P113,98.2,0.4,0.4,1,98.2,,,〇
108P114,38.7,24.8,24.9,11.6,38.7,,,×
108P115,31.4,64.3,2.2,2,31.4,,,×
108P116,66.5,7.8,66.5,4.6,21.1,,,×
108P117,55,55,9.8,27.8,7.4,,,×
108P118,93.1,93.1,5.3,1.3,0.3,,,〇
108P119,93.9,1,93.9,0.8,4.3,,,〇
108P120,96.3,2.5,0.7,96.3,0.4,,,〇
109A001,94.1,0.5,94.1,4.9,0.5,,0.17,〇
109A002,98.1,0.2,1.5,98.1,0.2,,0.06,〇
109A003,99.2,0.2,99.2,0.3,0.3,,0.03,〇
109A004,93.8,93.8,4.3,1.3,0.6,,0.25,〇
109A005,95.3,0.4,95.3,1.2,3.1,,0.20,〇
109A006,92.2,92.2,6.2,0.2,1.4,,0.20,〇
109A007,93.7,1.6,93.7,4.5,0.2,,0.19,〇
109A008,99,99,0.2,0.3,0.4,,0.09,〇
109A009,97.8,0.2,1.7,97.8,0.2,,0.05,〇
109A010,94.4,94.4,3,0.8,1.8,,0.14,〇
109A011,43.5,24.1,28.8,43.5,3.6,,0.17,×
109A012,89.7,4.7,89.7,2.2,3.4,,0.31,〇
109A013,99.1,0.5,99.1,0.3,0.1,,0.04,〇
109A014,93.3,1.4,2,3.3,93.3,,0.13,〇
109A015,95.8,0.3,95.8,3.7,0.2,,0.09,〇
109A016,94.2,1.7,0.9,3.3,94.2,,0.14,〇
109A017,93.3,0.4,3,93.3,3.3,,0.15,〇
109A018,91.4,4.8,91.4,0.7,3.1,,0.14,〇
109A019,95.2,0.5,0.4,95.2,3.9,,0.18,〇
109A020,99.3,0.2,99.3,0.2,0.3,,0.05,〇
109A021,89.9,2.5,2.3,5.3,89.9,,0.27,〇
109A022,62.4,62.4,3,6.2,28.4,,0.37,×
109A023,74,17.7,6.5,1.8,74,,0.27,〇
109A024,79.1,10.6,5,79.1,1.6,3.8,0.08,〇
109A025,99.5,99.5,0.1,0.2,0.1,0.1,0.03,〇
109A026,27.7,15.8,52.4,27.7,4,,-0.05,×
109A027,62.8,8.8,23.2,5.3,62.8,,0.29,×
109A028,38.7,1.7,38.7,20.1,39.4,,0.02,×
109A029,48.5,1.3,48.5,33.5,16.7,,0.36,×
109A030,90.3,2.6,3,90.3,4.1,,0.14,〇
109A031,95.5,0.5,0.8,95.5,3.1,,0.07,〇
109A032,53.4,2.4,31.6,12.5,53.4,,0.31,×
109A033,53.6,14.4,17.1,14.9,53.6,,0.09,×
109A034,79.9,79.9,0.2,19.7,0.2,,0.30,〇
109A035,83.4,83.4,3.5,8.6,4.5,,0.32,〇
109A036,68.4,6.9,18,68.4,6.7,,0.36,×
109A037,87.6,4.3,1.2,87.6,7,,0.10,〇
109A038,78.1,4.2,78.1,4.9,12.8,,0.27,〇
109A039,87.9,0.3,0.6,11.1,87.9,,0.16,〇
109A040,75.7,3.6,75.7,3.8,17,,0.08,〇
109A041,90.7,90.7,0.2,3.5,5.6,,0.24,〇
109A042,63.5,2.6,63.5,6.6,27.3,,0.25,×
109A043,91.4,1.6,6.4,0.6,91.4,,0.18,〇
109A044,68.5,17.2,3.3,68.5,11,,0.38,×
109A045,96.1,1.4,96.1,0.6,1.9,,0.20,〇
109A046,17.5,17.5,28.9,8.7,44.9,,0.14,×
109A047,90.5,7.3,0.5,1.7,90.5,,0.27,〇
109A048,79.8,79.8,16.5,1.2,2.4,,0.39,〇
109A049,38.6,1.1,38.6,30.3,30,,0.12,×
109A050,65.9,4.4,1.9,65.9,27.7,,-0.01,×
109A051,96.3,0.3,2.8,0.5,96.3,,0.16,〇
109A052,54.8,23.6,11.7,54.8,10,,0.27,×
109A053,84.4,8.8,26.4,58,6.7,,0.09,〇
109A054,90.3,0.9,3.6,5.2,90.3,,0.22,〇
109A055,81.3,81.3,1.1,16.9,0.7,,0.01,〇
109A056,50.5,16.9,8.2,24.3,50.5,,0.28,×
109A057,68.9,0.3,5.2,68.9,25.6,,0.23,×
109A058,54.9,54.9,42.1,1.7,1.3,,0.24,×
109A059,56.3,56.3,29.2,5,9.5,,0.32,×
109A060,83.1,6.5,7.1,3.3,83.1,,0.16,〇
109A061,92.5,92.5,2.3,1.7,3.4,,0.17,〇
109A062,57.3,1.2,8.2,57.3,33.3,,0.12,×
109A063,92.5,1.8,0.4,5.2,92.5,,0.21,〇
109A064,91,6.8,91,1.4,0.8,,0.13,〇
109A065,75.4,75.4,3.8,9.6,11.3,,0.23,〇
109A066,88.6,88.6,4.2,6.8,0.4,,0.23,〇
109A067,96.1,0.4,96.1,0.3,3.1,,0.06,〇
109A068,96.2,0.2,0.1,3.5,96.2,,0.14,〇
109A069,68.1,68.1,28.6,2.9,0.5,,0.24,×
109A070,71.6,71.6,4.9,11.8,11.7,,0.24,〇
109A071,92.4,0.3,1.3,6,92.4,,0.15,〇
109A072,25.5,16.9,50.9,6.8,25.5,,0.23,×
109A073,53.8,28.9,53.8,14.5,2.8,,-0.12,×
109A074,16.1,16.1,63.3,1.1,19.5,,0.12,×
109A075,78.1,0.5,78.1,1.4,20.1,,0.18,〇
109A076,35.8,10.9,35.8,34.7,10.4,8.2,0.25,×
109A077,30.3,30.3,19.8,14.6,7.2,28.1,0.27,×
109A078,86.1,0.8,0.9,86.1,8.8,3.5,0.34,〇
109A079,66.2,12.4,8.3,7.2,66.2,5.9,0.23,×
109A080,90.1,90.1,1.1,5,1.7,2,0.17,〇
109A081,43.4,90.4,50.5,2.6,29.1,27.3,0.26,×
109A082,51.9,32,62.8,10,86,9.3,0.38,×
109A083,77.5,3,13.7,6.6,96.5,80.2,0.38,〇
109A084,36.6,31.4,54.8,19.5,19.4,74.9,0.26,×
109A085,NULL,33.4,36.3,60.4,52.1,17.8,0.12,〇
109A086,24.1,6.6,61.7,8.3,64.8,58.6,0.23,×
109A087,85.3,92.4,12.9,1,91.6,2.1,0.25,〇
109A088,68.7,21.5,96.7,9,2.2,70.6,0.31,×
109A089,12.4,30.5,68.7,42.4,34.9,23.6,0.13,×
109A090,77.5,1.9,82.4,18.5,94.1,3.1,0.27,〇
109A091,67,81.2,10.1,83.5,14,11.2,0.47,×
109A092,97.2,2.1,0.2,0.5,97.2,,0.10,〇
109A093,85.8,8.3,5.7,85.8,0.3,,0.12,〇
109A094,98.1,0.4,1,98.1,0.5,,0.08,〇
109A095,94.7,2.8,94.7,1.6,1,,0.21,〇
109A096,35.3,14.5,35.3,1.2,48.9,,0.40,×
109A097,92.4,92.4,1.6,2.2,3.8,,0.14,〇
109A098,92.4,0.6,92.4,2.3,4.7,,0.20,〇
109A099,95.3,95.3,3,1.6,0.1,,0.05,〇
109A100,95.2,0.3,3.9,95.2,0.6,,0.08,〇
109A101,98.5,98.5,0.3,1.1,0.1,,0.09,〇
109A102,93,1.4,3.2,93,2.4,,0.18,〇
109A103,8.7,7.7,10.7,82.6,2.7,96.3,0.08,×
109A104,98,0.7,0.4,0.9,98,,0.09,〇
109A105,73.3,5.3,0.8,73.3,20.6,,0.30,〇
109A106,97.5,1.5,97.5,0.7,0.2,,0.12,〇
109A107,83.3,1,8.3,83.3,7.4,,0.26,〇
109A108,99.3,0.2,0.1,0.3,99.3,,0.03,〇
109A109,86.6,86.6,5.5,4.8,3,,0.27,〇
109A110,72.7,72.7,0.9,2.6,23.8,,0.22,〇
109A111,71.6,0.9,9.2,11.4,71.6,6.9,0.37,〇
109A112,88.7,4.5,5.9,88.7,0.8,,0.16,〇
109A113,61.2,61.2,37.8,0.2,0.8,,0.22,×
109A114,63.1,0.5,2.5,34,63.1,,0.12,×
109A115,70.3,25,4.1,0.6,70.3,,0.07,〇
109A116,84.4,1.5,1.7,12.4,84.4,,0.19,〇
109A117,98.8,0.3,0.6,98.8,0.3,,0.06,〇
109A118,60.8,13,19.2,60.8,7,,0.15,×
109A119,92.1,92.1,3.1,3.3,1,0.4,0.07,〇
109A120,92.8,92.8,6,0.7,0.5,,0.13,〇
109P001,99.1,0.4,0.4,99.1,0.2,,0.05,〇
109P002,95.5,0.5,3.4,95.5,0.6,,0.14,〇
109P003,90.4,1.5,90.4,5.5,2.7,,0.19,〇
109P004,99,99,0.5,0.3,0.3,,0.08,〇
109P005,98.1,0.3,0.5,1.1,98.1,,0.07,〇
109P006,82.5,8.1,4.8,4.6,82.5,,0.29,〇
109P007,73.1,0.3,10.8,73.1,15.8,,0.29,〇
109P008,93.5,93.5,0.3,1.4,4.8,,0.27,〇
109P009,99.3,0.2,0.2,99.3,0.3,,0.04,〇
109P010,98.9,0.8,98.9,0.2,0.1,,0.07,〇
109P011,88.4,6.1,88.4,2.1,3.4,,0.25,〇
109P012,88.5,1.5,2.6,88.5,7.4,,0.29,〇
109P013,97.8,1.4,97.8,0.6,0.2,,0.16,〇
109P014,78.4,7.8,78.4,0.7,13.1,,0.36,〇
109P015,80.6,80.6,1.1,9.3,9,,0.12,〇
109P016,97.9,0.2,0.1,1.8,97.9,,0.00,〇
109P017,91.2,91.2,0.7,4.1,4,,0.14,〇
109P018,34.7,8,34.7,33.3,24,,0.27,×
109P019,99.6,99.6,0.1,0.1,0.2,,0.04,〇
109P020,98.4,0.4,98.4,0.5,0.8,,0.07,〇
109P021,99.3,0.2,0.4,99.3,0.1,,0.03,〇
109P022,90,1.9,90,3.2,4.9,,0.25,〇
109P023,97.7,0.2,0.1,2,97.7,,0.08,〇
109P024,96.8,96.8,0.3,0.2,2.8,,0.13,〇
109P025,92.5,0.2,6.2,92.5,1.1,,0.13,〇
109P026,60.2,14.6,60.2,19.8,5.4,,0.08,×
109P027,71.7,11.5,71.7,11.8,4.9,,0.24,〇
109P028,43.9,43.9,27.9,6.2,22,,0.42,×
109P029,89.7,89.7,2.1,7.3,0.8,,0.28,〇
